miraeH_LSTM_LSTM_miraeH_ftM_sl96_ll48_pl12_dm512_nh8_el2_dl1_df2048_fc1_ebtimeF_dtTrue_Exp_0  
mse:5.600143049377948e-05, mae:0.00191276497207582, rse:0.1740054190158844, corr:[0.0689035  0.0784891  0.0761195  0.07283813 0.0700922  0.06822989
 0.06723863 0.06689541 0.06658798 0.06603707 0.06536534 0.06423064]

miraeH_Linear_Linear_miraeH_ftM_sl72_ll48_pl12_dm512_nh8_el2_dl1_df2048_fc1_ebtimeF_dtTrue_Exp_0  
mse:8.063241693889722e-05, mae:0.0017423767130821943, rse:0.2087940275669098, corr:[0.11054027 0.11041767 0.10617342 0.10508883 0.10463324 0.10097665
 0.09593607 0.09034947 0.08421511 0.07978366 0.07273912 0.06898287]

miraeH_Nlinear_NLinear_miraeH_ftM_sl72_ll48_pl12_dm512_nh8_el2_dl1_df2048_fc1_ebtimeF_dtTrue_Exp_0  
mse:7.819456368451938e-05, mae:0.0017223010072484612, rse:0.20561343431472778, corr:[0.11231764 0.11044259 0.10934981 0.10734262 0.10441884 0.10110275
 0.09677565 0.09145163 0.08529586 0.07825415 0.07444172 0.06866854]

miraeH_DLinear_DLinear_miraeH_ftM_sl72_ll48_pl12_dm512_nh8_el2_dl1_df2048_fc1_ebtimeF_dtTrue_Exp_0  
mse:7.899409683886915e-05, mae:0.0018303906545042992, rse:0.20666195452213287, corr:[0.11228701 0.11027503 0.10946094 0.10743196 0.10458326 0.10136187
 0.09767983 0.09312534 0.08754569 0.08146586 0.07540442 0.07159077]


miraeH_Transformer_Transformer_miraeH_ftM_sl72_ll48_pl12_dm512_nh8_el2_dl1_df2048_fc3_ebtimeF_dtTrue_Exp_0  
mse:0.001898762071505189, mae:0.023572174832224846, rse:1.0132076740264893, corr:[-2.6527678e-03 -2.6247248e-03 -1.9576482e-03 -1.0438048e-03
 -6.4361811e-04 -6.6094397e-04 -1.2537082e-04  6.7785435e-04
  8.1496505e-04 -1.8670580e-05 -6.1178551e-04  5.7968008e-04]

miraeH_Informer_Informer_miraeH_ftM_sl72_ll48_pl12_dm512_nh8_el2_dl1_df2048_fc3_ebtimeF_dtTrue_Exp_0  
mse:0.002015605103224516, mae:0.019211119040846825, rse:1.0439168214797974, corr:[ 0.00366905 -0.00243615  0.00509894  0.00387555  0.00133933  0.00528328
  0.00367072  0.00276673  0.00554893 -0.00330332  0.00481384  0.00467146]

miraeH_Autoformer_Autoformer_miraeH_ftM_sl72_ll12_pl12_dm512_nh8_el2_dl1_df2048_fc3_ebtimeF_dtTrue_Exp_0  
mse:0.0002423033001832664, mae:0.004635822027921677, rse:0.361945241689682, corr:[0.01165641 0.01293187 0.01081355 0.00988942 0.00987316 0.01003342
 0.00947373 0.00670194 0.00385198 0.00378238 0.00479972 0.00534074]

